# id	file_path	transparent_color_r	g	b
[TEXTURES]
0	textures\mario.png	255	255	255
20	textures\misc.png	176	224	248
10	textures\enemies.png	3	26	110
30	textures\tiles-4.png	4	193	170

# id	left	top	right	bottom	texture_id
[SPRITES]
# BIG MARIO 
# idle right
10001	246	154	260	181	0
# walk
10002	275	154	290	181	0		
10003	304	154	321	181	0
# idle left
10011	186	154	200	181	0
#walk
10012	155	154	170	181	0
10013	125	154	140	181	0
# die 
10099	215	120	231	135	0
# SMALL MARIO
# idle small right
10021	247	0	259	15	0
# walk
10022	275	0	291	15	0
10023	306	0	320	15	0
# idle small left
10031	187	0	198	15	0
# walk
10032	155	0	170	15	0
10033	125	0	139	15	0
#BRICK
20001	408	225	424	241	20
#GOOMBA
30001	5	14	21	29	10
30002	25	14	41	29	10
#die
30003	45	21	61	29	10

#brick with question mark animation
40001	103	188	119	204	30
40002	120	188	136	204	30
40003	137	188	153	204	30
40004	154	188	170	204	30
#Nền hồng
50001	1	1	17	17	30	#đầu
50002	18	1	34	17	30	#giữa
50003	35	1	51	17	30	#đít
#Cống
60001	171	69	187	85	30	#đầu trái
60002	188	69	204	85	30	#đầu phải
60003	172	86	187	102	30	#thân trái
60004	188	86	203	102	30	#thân phải

						
# ani_id	sprite1_id	time1	sprite2_id	time2	...
[ANIMATIONS]

# ==== MARIO =========
#idle BIG right
400	10001	100
#idle BIG left
401	10011	100
#idle small right
402	10021	100
#idle small left
403	10031	100
#walk right big
500	10001	100	10002	100	10003	100
#walk left big
501	10011	100	10012	100	10013	100
#walk right small
502	10021	100	10022	100	10023	100
#walk left small
503	10031	100	10032	100	10033	100
#die
599	10099	100


# ==== BRICK =========
601	20001	100
#Nền hồng
551	50001	100
552	50002	100
553	50003	100
#Cống
661	60001	100
662	60002	100
663	60003	100
664	60004	100


# ==== QUESTION MARK BRICK =========
602	40001	1000	40001	100	40002	100	40003	100	40004	100


# ==== GOOMBA  =========
# walk
701	30001	100	30002	100
# die
702	30003	100



#
# id	ani1	ani2	ani3
#
[ANIMATION_SETS]
# MARIO
1	400	401	402	403	500	501	502	503	599
# BRICK 
2	601
#Nền hồng
51	551
52	552
53	553
#cống
61	661
62	662
63	663
64	664
# QUESTION MARK BRICK 
22	602
# GOOMBA
3	701	702

[OBJECTS]
# type	x	y	ani_set_id	extra_settings per object type
# type: 0 = Mario , 1 = Brick, 2 = Goomba
# MARIO
0	50.0	0	1

# GOOMBA
2	200	135	3
2	260	135	3
2	320	135	3
2	480	135	3
2	500	135	3

# BRICK 
# --- platform (hint: I created the list using Excel!) ----
1	0	150	51	#0
1	16	150	52
1	32	150	52
1	48	150	52
1	64	150	52
1	80	150	52
1	96	150	52
1	112	150	52
1	128	150	52
1	144	150	52
1	160	150	52	#10
1	176	150	52
1	192	150	52
1	208	150	52
1	224	150	52
1	240	150	52
1	256	150	52
1	272	150	52
1	288	150	52
1	304	150	52
1	320	150	52	#20
1	336	150	52
1	352	150	52
1	368	150	52
1	369	134	63
1	369	118	63
1	368	102	61
1	384	150	52
1	384	134	64
1	384	118	64
1	384	102	62
1	400	150	52
1	416	150	52
1	432	150	52
1	448	150	52
1	464	150	52	#30
1	480	150	52
1	496	150	52
1	512	150	52
1	528	150	52
1	544	150	52
1	560	150	52
1	576	150	52
1	592	150	52
1	608	150	53
#23 24
# ---- brick ? group 1 ----
4	192	86	22
4	208	86	22
4	240	38	22
4	256	38	22


# --- SCENE PORTAL ----
# type	l	t	ani_set_id	r	b	scene_id
50	300	98	0	316	150	2

